#####################################################################
# Alchemist log file - simulation started at: 2024-06-01T03:47+0000 #
#####################################################################
#
# seed = 2.0, frequency = 0.5231099308056263, artificialSlowDown = 0.0
#
# The columns have the following meaning: 
# time events observations lostUpdates uselessPolling 
0.0 0 0 0 0
0.011451117496857233 1 0 0 0
1000.0114511174968 19645 0 19644 0
#####################################################################
# End of data export. Simulation finished at: 2024-06-01T03:47+0000 #
#####################################################################
