#####################################################################
# Alchemist log file - simulation started at: 2024-06-02T08:54+0000 #
#####################################################################
#
# seed = 7.0, frequency = 4659.52566866468, artificialSlowDown = 3.0
#
# The columns have the following meaning: 
# time events observations lostUpdates uselessPolling 
0.0 0 0 0 0
0.8081671403801955 1 1 0 0
1000.0008873921324 17880 18495 1254 5387
#####################################################################
# End of data export. Simulation finished at: 2024-06-02T08:55+0000 #
#####################################################################
