#####################################################################
# Alchemist log file - simulation started at: 2024-06-01T05:20+0000 #
#####################################################################
#
# seed = 2.0, frequency = 33.700643292719285, artificialSlowDown = 1.0
#
# The columns have the following meaning: 
# time events observations lostUpdates uselessPolling 
0.0 0 0 0 0
0.011451117496857233 1 0 0 0
1000.062151827352 13854 1168 12101 0
#####################################################################
# End of data export. Simulation finished at: 2024-06-01T05:20+0000 #
#####################################################################
