#####################################################################
# Alchemist log file - simulation started at: 2024-05-31T19:03+0000 #
#####################################################################
#
# seed = 0.0, frequency = 18.041864093920726, artificialSlowDown = 1.0
#
# The columns have the following meaning: 
# time events observations lostUpdates uselessPolling 
0.0 0 0 0 0
0.15071724896777527 1 0 0 0
1000.1699969330089 18686 920 17305 0
#####################################################################
# End of data export. Simulation finished at: 2024-05-31T19:04+0000 #
#####################################################################
