#####################################################################
# Alchemist log file - simulation started at: 2024-06-01T09:30+0000 #
#####################################################################
#
# seed = 3.0, frequency = 23.816855519761585, artificialSlowDown = 1.0
#
# The columns have the following meaning: 
# time events observations lostUpdates uselessPolling 
0.0 0 0 0 0
0.2747056966576764 1 0 0 0
1000.3262294530306 17664 1122 15980 0
#####################################################################
# End of data export. Simulation finished at: 2024-06-01T09:31+0000 #
#####################################################################
